Sumba - Simple Server Benchmark Tool
====================================

Target	https://localhost
Total requests			    
Worker used			   1
Sending requests at	35 RPS
Sending requests at	60 RPS
Sending requests at	85 RPS
Sending requests at	110 RPS
Sending requests at	135 RPS
Sending requests at	160 RPS
Sending requests at	185 RPS
Sending requests at	210 RPS
Sending requests at	235 RPS
Sending requests at	260 RPS
Sending requests at	285 RPS
Sending requests at	310 RPS
Sending requests at	335 RPS
Sending requests at	360 RPS
19826;19918
17692;17779
17884;17953
19176;19282
22226;22299
18067;18155
19833;19857
15645;15676
19583;19653
22769;22854
9255;9322
13018;13147
5149;5186
5385;5416
5614;5646
4466;4488
4803;4845
5228;5262
6953;6988
5376;5412
11731;11792
11888;11923
14476;14561
18613;18746
9489;9559
7133;7175
6745;6798
9882;9978
11601;11668
13578;13652
11597;11684
13331;13426
9928;9971
9257;9301
12129;12356
16117;16196
14891;14946
17617;17684
16502;16580
10073;10136
10066;10112
18652;18756
18540;18611
18266;18360
18679;18765
21901;22000
18591;18662
16874;16977
15489;15549
11192;11245
12762;12827
13847;13910
17343;17397
10391;10446
12941;13041
17265;17359
18316;18431
17554;17616
16551;16639
8988;9038
13210;13266
11180;11211
17498;17582
18574;18662
23248;23358
24608;24694
18551;18599
17315;17373
10538;10576
11928;11991
17427;17498
11820;11863
7324;7370
9770;9821
15218;15287
14134;14224
11898;12000
15390;15483
15882;15944
15402;15477
14599;14664
15726;15805
9741;9780
4731;4764
8914;8964
13161;13218
12630;12691
11097;11154
19768;19836
9716;9751
5252;5276
5741;5771
5321;5362
5470;5500
5387;5419
4972;4995
4885;4911
4351;4371
4910;4933
5178;5200
10258;10297
11322;11373
17278;17374
14784;14861
18268;18317
11770;11823
18934;19018
18371;18415
8962;8992
4336;4369
6886;6913
5274;5316
4973;4996
7652;7684
5632;5691
6540;6573
4865;4885
9081;9148
32345;32436
22437;22499
47671;47753
17411;17475
10937;10984
7052;7097
6236;6275
4745;4767
5222;5249
7583;7606
6809;6841
9451;9484
13398;13436
15783;15823
9948;10000
13609;13656
12924;12968
7979;8011
11350;11382
11280;11320
9816;9853
13898;13972
17013;17080
18490;18551
17844;17918
13706;13762
12845;12907
11259;11317
13185;13258
13690;13735
13051;13109
15560;15636
13247;13296
11122;11160
9858;9906
8000;8057
13901;13947
10638;10682
17470;17517
15903;15974
15310;15371
11124;11187
9908;9987
16690;16761
17109;17159
12664;12711
9353;9406
16597;16684
15889;15936
21236;21345
26032;26117
24529;24602
18712;18787
14871;14920
10458;10508
6335;6378
5358;5381
23369;23470
18135;18187
13633;13686
9898;9948
9291;9336
5892;5920
9777;9807
4628;4650
6045;6071
8289;8318
8065;8103
10318;10422
14177;14237
17695;17793
18682;18770
21101;21190
16293;16348
15428;15520
18542;18631
18957;19004
16005;16063
13467;13516
12357;12439
11736;11784
8962;9010
14182;14270
13463;13534
9803;9887
12944;13002
12299;12363
13050;13097
10952;11027
12693;12763
17529;17616
17115;17189
14608;14644
12424;12465
6794;6822
4781;4822
4340;4360
4339;4363
3632;3658
6218;6262
12738;12806
13173;13299
13302;13357
14128;14182
10593;10630
4260;4278
4369;4389
4657;4676
6045;6063
5180;5202
13834;13920
16934;17021
15481;15537
13914;13982
14062;14138
14712;14752
15112;15183
12078;12109
6959;6986
7596;7633
8404;8454
12962;13006
9749;9795
7743;7778
7498;7532
8516;8557
12878;12937
13320;13381
73245;73343
58244;58289
51911;51997
81713;81801
64827;64877
51927;51973
44566;44626
38317;38357
30394;30435
21547;21560
13870;13885
6619;6642
5932;5973
11360;11417
10739;10778
12162;12307
15136;15292
15460;15598
14230;14298
13731;13773
10117;10154
7533;7567
11740;11776
8776;8814
8527;8561
9966;10000
7947;7984
8823;8879
10407;10491
14854;14938
16197;16247
16547;16621
15429;15479
12802;12851
11823;11880
12535;12580
12599;12651
17791;17872
18477;18523
14469;14509
13953;14021
13752;13840
12667;12705
8721;8768
10720;10811
16095;16158
17710;17777
17585;17659
14713;14748
11542;11583
6961;6989
6670;6707
16000;16087
17439;17505
17093;17167
16830;16891
15075;15122
11221;11265
8893;8927
12150;12186
9582;9610
6283;6323
6796;6831
6799;6828
6412;6447
5817;5856
6662;6694
8878;8901
6984;7011
7515;7542
7509;7562
10379;10428
8663;8709
11557;11610
10316;10360
7856;7887
7526;7554
9718;9754
7762;7816
7624;7676
11644;11707
12780;12828
12341;12406
11624;11671
10160;10211
9164;9197
12008;12064
16363;16419
12975;13040
10657;10699
9683;9714
7857;7894
7474;7507
6866;6898
17360;17487
23570;23639
31435;31494
28546;28600
24958;25012
20533;20570
17828;17861
11463;11485
6020;6043
7718;7743
3685;3703
3988;4018
6653;6682
6730;6763
6826;6860
5542;5569
6388;6423
6900;6936
7049;7083
6277;6308
6834;6866
7127;7157
7680;7718
6113;6151
9221;9294
10517;10552
5440;5463
6240;6271
11406;11448
10667;10721
10199;10240
9820;9873
13713;13748
11567;11608
11639;11688
12157;12232
12069;12116
11828;11870
10344;10375
8587;8632
11853;11900
11589;11621
11038;11071
12599;12684
14100;14147
12055;12092
10254;10297
13007;13041
12857;12885
10053;10093
8065;8095
14704;14790
14672;14729
15643;15700
15161;15210
13846;13889
12159;12199
11534;11570
11263;11314
12016;12069
12291;12328
11006;11045
9639;9678
9070;9110
9717;9766
12532;12622
15894;15973
18814;18871
13738;13855
13990;14062
16924;16983
15069;15107
12619;12653
11657;11709
9891;9917
5568;5586
5136;5155
6131;6177
7012;7049
9986;10041
9753;9807
21576;21667
16306;16355
14823;14906
12953;13001
11625;11666
9994;10042
9462;9511
10500;10541
13011;13045
13354;13395
12539;12614
14615;14658
11922;11971
12319;12359
11947;11973
8483;8509
6863;6897
8380;8422
7299;7327
7707;7754
10194;10276
10609;10654
10658;10707
9959;9991
7246;7291
6461;6499
15093;15143
13500;13534
9394;9419
7862;7912
9660;9684
6021;6042
4218;4241
4543;4567
8516;8554
8930;8962
7381;7415
10364;10412
10754;10796
10393;10431
9640;9678
10706;10745
10948;10994
13166;13235
12140;12169
10720;10747
8171;8207
5496;5529
9169;9219
13239;13347
15692;15733
11986;12020
8608;8636
8503;8539
8895;8928
7211;7236
7022;7061
6207;6250
6999;7050
12240;12294
10704;10740
7273;7297
4879;4901
6873;6920
7262;7297
8684;8722
10072;10117
9188;9241
9629;9670
10413;10451
9107;9134
7548;7580
7955;7986
6753;6802
11071;11118
10266;10309
9435;9477
9454;9502
8680;8715
6664;6693
7627;7661
37081;37152
58055;58082
27315;27329
80409;80454
87616;87639
94420;94443
27930;27953
23769;23806
80172;80188
56155;56167
75327;75346
63944;63971
45703;45719
20903;20919
15229;15239
8422;8438
4585;4595
3876;3899
4071;4092
4806;4855
9528;9581
9401;9435
7419;7453
8763;8802
6228;6252
6015;6049
7531;7567
9795;9837
8397;8430
6980;7009
8222;8256
7059;7096
7293;7325
5988;6013
6226;6248
7504;7539
13125;13170
18406;18453
16672;16751
16980;17038
15381;15409
11228;11254
6080;6099
4851;4868
5316;5339
5101;5123
5493;5518
7551;7582
8587;8637
9926;10008
11927;11964
8352;8378
4465;4482
5171;5214
4151;4195
3946;3988
4236;4258
3614;3633
4065;4138
3957;4000
3989;4007
4361;4394
3848;3868
3925;3965
3976;3994
3845;3862
4206;4236
3834;3853
3815;3845
3717;3738
6186;6214
8074;8119
11992;12029
10429;10459
9033;9067
8208;8247
8590;8615
6477;6512
5222;5243
7157;7221
7502;7533
6493;6530
9783;9912
29745;29811
31296;31477
30500;30555
26495;26555
26708;26755
24626;24671
19950;19993
12943;13036
10500;10541
9183;9229
9365;9399
5504;5518
5583;5614
5309;5334
4210;4240
4809;4831
4107;4135
5472;5496
3880;3904
5762;5801
5088;5120
4495;4532
5137;5177
4532;4561
4451;4483
4088;4107
4235;4263
3953;3973
6455;6479
6255;6277
4588;4625
4338;4371
4362;4382
3804;3830
4097;4121
6106;6165
8118;8168
8271;8308
7979;8015
10480;10516
10468;10501
7558;7579
4950;4973
3984;4010
4435;4454
3599;3632
4020;4051
3726;3756
5122;5149
4409;4432
5105;5144
4746;4771
5535;5561
4766;4805
5724;5775
5684;5708
6485;6512
6852;6914
6964;6992
6437;6471
6130;6160
5797;5821
6438;6502
7505;7541
7129;7167
8367;8401
5520;5534
5270;5296
5739;5781
7108;7142
7610;7640
7325;7357
6602;6638
9304;9337
8198;8231
5957;5981
4448;4476
4583;4621
4044;4063
4483;4504
4379;4402
4994;5029
5633;5660
11744;11777
10061;10085
7504;7536
9261;9292
7411;7433
5592;5606
6110;6205
6151;6182
4879;4908
4810;4832
5857;5898
5860;5882
6669;6690
6863;6883
6898;6943
6890;6934
8629;8661
7296;7332
9300;9365
12694;12719
8292;8308
4422;4435
3939;3971
4418;4441
3542;3559
4276;4301
3493;3511
3431;3448
4789;4813
5501;5528
10390;10423
7477;7497
5825;5849
5408;5447
6322;6359
7025;7083
7522;7550
8866;8918
8032;8081
7978;8015
7860;7881
7166;7213
10786;10837
10701;10742
9391;9481
9355;9399
9219;9260
9579;9615
8762;8792
7594;7626
5394;5414
5745;5795
5878;5905
7233;7270
6998;7050
6083;6116
5885;5933
5566;5601
5770;5802
7249;7305
6254;6322
6040;6073
5045;5090
5205;5248
4720;4795
5500;5532
6048;6111
5734;5765
6220;6269
6573;6608
5348;5384
4850;4876
4416;4459
4650;4669
4774;4798
5540;5569
5365;5387
5263;5298
5151;5192
5423;5450
5714;5741
5164;5200
5565;5595
5608;5630
5951;5976
5757;5792
5455;5478
4924;4951
4719;4740
4606;4633
6447;6476
7270;7300
8088;8119
9589;9625
14213;14342
18775;18801
14518;14539
11662;11679
6926;6941
4264;4283
5168;5193
5365;5394
6355;6390
7087;7117
8953;8993
7309;7349
6076;6102
5174;5201
7657;7687
6251;6283
5235;5258
6460;6488
6614;6645
5946;5966
6574;6601
5351;5385
5798;5832
6202;6227
4681;4712
3928;3947
4602;4624
6506;6541
5071;5090
3976;3996
4805;4828
6138;6175
6344;6371
5799;5824
5743;5774
5609;5635
5624;5645
5828;5862
5210;5235
4923;4960
4798;4822
5162;5200
6411;6446
5844;5869
5527;5548
4169;4193
4556;4586
3735;3752
4795;4825
4367;4386
4189;4220
4542;4566
4967;4992
6615;6647
6530;6559
6077;6098
6725;6760
7147;7180
9512;9561
11842;11883
9223;9245
11835;11869
8908;8943
8209;8242
7253;7281
6219;6268
9958;9998
9034;9069
14512;14543
9886;9914
7356;7379
8667;8709
10071;10104
8216;8249
9650;9689
7447;7476
6817;6845
6054;6084
5862;5889
9187;9235
10322;10363
10256;10299
10790;10831
10216;10252
9117;9163
9993;10034
11762;11810
12361;12407
9520;9557
13969;14121
23540;23645
29779;29838
44401;44440
37320;37365
34360;34402
38327;38362
34981;35024
31677;31698
28351;28372
24092;24121
19677;19695
15474;15493
11261;11283
7932;7967
6450;6495
6368;6384
4870;4888
3663;3678
3601;3622
4174;4213
5051;5073
4826;4847
4903;4927
4992;5017
5418;5448
5120;5158
5783;5827
7582;7609
6796;6825
7239;7273
7065;7099
8307;8339
9009;9055
10258;10293
8752;8801
7880;7925
9060;9095
10275;10314
14190;14227
14829;14868
14152;14232
17311;17400
14660;14693
12701;12723
8717;8735
6409;6435
4704;4737
4991;5017
5785;5816
6146;6172
7588;7622
8370;8406
8879;8917
9075;9112
9444;9481
11768;11863
16137;16183
13857;13892
11560;11594
10354;10430
10301;10382
9241;9268
6321;6339
4947;4969
5268;5300
6645;6683
6669;6690
6116;6151
6286;6310
6137;6167
6467;6496
5508;5529
5413;5452
7981;8010
8636;8665
7370;7399
7350;7400
7394;7420
4891;4905
4336;4363
4127;4147
3709;3740
3902;3920
4199;4237
5716;5744
7426;7462
8019;8059
7727;7762
7561;7596
7046;7071
6628;6654
6119;6152
8205;8237
13423;13478
15091;15126
13231;13265
10134;10166
9018;9044
7649;7673
8051;8097
7060;7095
7783;7836
12790;12826
13379;13412
10477;10510
9686;9715
8017;8041
5848;5871
8253;8289
13532;13562
10114;10142
7505;7560
7672;7740
9323;9352
8357;8383
6634;6658
6931;6954
5814;5839
7351;7404
8919;8971
9510;9550
8028;8049
7052;7079
7085;7110
7528;7566
7746;7779
8984;9016
7547;7618
8897;8919
7113;7147
7236;7263
8451;8487
9001;9045
8979;9012
7781;7804
7874;7893
7380;7424
6342;6374
5888;5919
7268;7289
7446;7489
6651;6667
5003;5026
4731;4755
5227;5246
4630;4655
8593;8638
10311;10357
9080;9110
8226;8263
7223;7255
8672;8718
8361;8385
6409;6441
5531;5557
6555;6579
8683;8744
13883;13933
12575;12615
11543;11584
9974;10022
6953;6973
36949;37022
34556;34585
48881;48916
71813;71840
34382;34399
64667;64693
48858;48876
33355;33372
63059;63070
30786;30816
60840;60864
83310;83326
75795;75821
28963;28980
25858;25878
21807;21829
18573;18594
14107;14120
10480;10506
7778;7792
4608;4637
3386;3426
3963;3987
3905;3921
3768;3801
3367;3399
3744;3767
10044;10077
7055;7075
4435;4453
4110;4137
4879;4919
6289;6319
6868;6892
8237;8295
10039;10079
9464;9524
14738;14802
15127;15180
12633;12705
11043;11104
8628;8655
7177;7208
5851;5876
6270;6292
5676;5701
5736;5761
6356;6380
6296;6324
5636;5660
6100;6127
6915;6962
8548;8587
9247;9292
8830;8871
8705;8756
10515;10562
10895;10965
10666;10716
11080;11102
7358;7394
6428;6456
7217;7246
7111;7132
5475;5496
4124;4142
4006;4022
4151;4176
3912;3927
3842;3854
4145;4173
4172;4192
4126;4146
5103;5129
6775;6804
4751;4767
4772;4794
6165;6191
6053;6081
5844;5864
5195;5219
5774;5797
5988;6026
6025;6049
5351;5379
6509;6529
6272;6303
6930;6954
7080;7102
6434;6457
4181;4197
4185;4205
3969;3989
5006;5037
5924;5951
6367;6397
6221;6243
6094;6118
6081;6110
5819;5840
4655;4680
5382;5401
5142;5175
5576;5605
4489;4505
3833;3854
4753;4771
4329;4359
4889;4926
7295;7347
9715;9763
9149;9180
8770;8801
6593;6615
4966;4982
4236;4255
3987;4005
4742;4765
3667;3682
3433;3450
3437;3454
4841;4885
6775;6806
7994;8032
11427;11458
11132;11183
8163;8197
8270;8315
9633;9667
11281;11312
7949;7961
6190;6219
5779;5810
7807;7851
8337;8375
10996;11053
17689;17781
21308;21406
38940;39014
36368;36428
28859;28915
39748;39795
32066;32109
42321;42367
32048;32095
38725;38792
44012;44063
42076;42138
37963;37992
35551;35590
37027;37087
31926;31947
28692;28730
24062;24086
22050;22090
19094;19145
15850;15877
12047;12075
10759;10802
9858;9891
8283;8350
7714;7749
9063;9096
7666;7688
5331;5356
4241;4262
3651;3668
3730;3759
4414;4430
4173;4190
3912;3929
4154;4174
6246;6274
5503;5526
8078;8104
7171;7194
5303;5324
4808;4830
4667;4687
5116;5134
4608;4627
3504;3525
4050;4079
3520;3537
4022;4044
6597;6628
6417;6443
6405;6432
6816;6839
6950;6988
7272;7319
7335;7375
6634;6660
8161;8200
8236;8275
9194;9239
8282;8324
7714;7749
7280;7308
6209;6233
7319;7365
7524;7571
7708;7736
6820;6850
7415;7454
7960;8036
9639;9682
10628;10663
9277;9311
7370;7388
6429;6452
5306;5337
3851;3884
4353;4378
5031;5052
4599;4620
6503;6544
6687;6752
7968;8011
6251;6272
4827;4850
4890;4917
6057;6084
7063;7094
14514;14597
15478;15524
14542;14565
10991;11013
9399;9419
6477;6491
4303;4319
3613;3626
4100;4120
4620;4639
4882;4900
3899;3910
3662;3687
3436;3455
4298;4320
4817;4845
6706;6733
13395;13442
14400;14457
15946;15993
14364;14418
12028;12081
12221;12275
8616;8669
7352;7378
5479;5523
5039;5081
5335;5376
5120;5157
4646;4689
5278;5310
4176;4206
3891;3914
3679;3708
3682;3704
3716;3749
4912;4945
6458;6495
6438;6473
6201;6227
5541;5567
6061;6096
5623;5670
5927;5991
5726;5762
6461;6492
7117;7152
7534;7573
7320;7360
6738;6770
6404;6439
6570;6609
6384;6419
6237;6263
6122;6175
6370;6404
6312;6350
5820;5841
5140;5177
6139;6165
7012;7042
8744;8792
10354;10378
8103;8121
7864;7896
6769;6797
8409;8435
5324;5348
3897;3919
3900;3920
4122;4162
4196;4216
4015;4042
4402;4441
4961;4981
4077;4102
3471;3488
3079;3101
3845;3876
3845;3864
4008;4028
3852;3870
4926;4954
4504;4520
5314;5333
5516;5547
5934;5959
6111;6143
5673;5695
5582;5608
4533;4554
5853;5874
4554;4573
4682;4701
4127;4145
4988;5022
4888;4908
5526;5548
5823;5849
6815;6860
6644;6679
6913;6941
8054;8084
5511;5535
4388;4406
3804;3827
4948;4969
4185;4210
5737;5763
4124;4148
4271;4300
5629;5670
9215;9255
10108;10143
10108;10128
7119;7137
6801;6843
5785;5799
5883;5904
6381;6407
6603;6642
7543;7577
9064;9103
10952;10994
10088;10113
10575;10662
6879;6903
5306;5325
4421;4442
9193;9225
7541;7570
6925;6970
8956;8987
7332;7354
6785;6807
4856;4878
4290;4318
3835;3864
6875;6904
5110;5134
3478;3504
3943;3965
3799;3833
3727;3754
5489;5507
5065;5083
4385;4399
3915;3940
3967;3983
3478;3498
4149;4166
4018;4035
3888;3913
3735;3761
3763;3796
3418;3438
3953;3991
4375;4399
3751;3770
3688;3718
3817;3851
3849;3890
3937;3970
3596;3620
3288;3306
3822;3845
3944;3989
3734;3760
3392;3410
3345;3377
4176;4201
3881;3897
5190;5207
3470;3485
5124;5139
3408;3424
5229;5280
4789;4811
5626;5650
6965;6991
6188;6224
8069;8105
6996;7024
7008;7036
8401;8433
6644;6674
8325;8365
10251;10289
10716;10773
8858;8885
7651;7671
5898;5914
4365;4392
4436;4450
3365;3380
4015;4042
5327;5358
5729;5752
5808;5829
5914;5938
5061;5081
4991;5013
11701;11835
14057;14076
8851;8866
8415;8431
5501;5513
3519;3532
3397;3414
4831;4861
4387;4410
3669;3693
3987;4007
3898;3917
3969;3997
3751;3766
3981;4005
4398;4419
4406;4427
3462;3474
3737;3762
3417;3436
3604;3619
3586;3604
3449;3465
3476;3493
3281;3295
3540;3568
4109;4129
4788;4808
6584;6603
4406;4432
4012;4030
3878;3918
4466;4499
5025;5044
4429;4448
4643;4663
5218;5244
5780;5804
6192;6221
5860;5886
5648;5671
10224;10260
9436;9472
9048;9094
11705;11729
10467;10490
8242;8264
5858;5879
4760;4776
5712;5733
5505;5532
6078;6102
5821;5839
5566;5598
5190;5214
5829;5863
4772;4796
5925;5963
5233;5258
5545;5578
4809;4827
4477;4512
6249;6274
6140;6161
4728;4747
4666;4685
4924;4942
4851;4868
4871;4889
4281;4309
4712;4742
4754;4779
4959;4988
4721;4743
4333;4351
3795;3812
3543;3556
3560;3587
12769;12821
13348;13412
18019;18050
18867;18911
18067;18101
15950;15981
16501;16538
14034;14060
12338;12394
8350;8375
6979;7002
8520;8555
11067;11136
8986;9012
7590;7623
5500;5516
3925;3938
3918;3934
3469;3484
3865;3883
3312;3333
3927;3944
3444;3461
4971;4989
5725;5748
7904;7929
7318;7342
5873;5897
5905;5953
6719;6758
7315;7342
6644;6688
10535;10561
9250;9274
6997;7034
5960;5982
5397;5428
5973;5997
8729;8757
6285;6305
4571;4599
3540;3557
3326;3345
3713;3752
3470;3487
4445;4475
6055;6081
6820;6846
6659;6686
7764;7804
5823;5855
4958;4983
5672;5713
7753;7797
9186;9244
9784;9832
8279;8322
7740;7769
6365;6395
5819;5840
5266;5296
5719;5750
6539;6584
6723;6761
5266;5288
5088;5115
4170;4190
4675;4691
3685;3702
4463;4483
4831;4853
5882;5910
5787;5806
5246;5270
7449;7480
6341;6381
4690;4706
3911;3931
3424;3442
3711;3732
4106;4126
4983;5006
5518;5549
5195;5210
5051;5077
4918;4943
5002;5025
5248;5270
5492;5514
6323;6348
7820;7842
8694;8717
7845;7873
6997;7019
6082;6110
6424;6458
8162;8195
6992;7024
6199;6240
7880;7913
8102;8135
7056;7079
5575;5594
5744;5765
5853;5879
6731;6774
10369;10445
12176;12229
11916;11943
11686;11721
9281;9303
8583;8614
5079;5092
4472;4492
4092;4109
3806;3820
3130;3152
3636;3657
3553;3568
3381;3394
3645;3668
3372;3393
3329;3347
3223;3237
3764;3780
3563;3578
3654;3673
3491;3506
3372;3402
4299;4314
3412;3444
6266;6288
5784;5810
4977;4994
4392;4413
6593;6633
6259;6291
6017;6041
4315;4335
3601;3628
3902;3934
4042;4057
3661;3703
5039;5070
5952;5976
7687;7707
6214;6242
5729;5747
4977;4994
3558;3576
3922;3939
3442;3465
3481;3504
3719;3736
3370;3384
3856;3884
3806;3824
4446;4466
4349;4380
4767;4789
4602;4624
6218;6241
6571;6596
5171;5197
4416;4431
4080;4104
4610;4664
5299;5318
5351;5371
5222;5241
5014;5042
4920;4936
4290;4310
3689;3706
3623;3639
3467;3479
3327;3348
3828;3844
3931;3947
4790;4816
4625;4640
5410;5428
3589;3610
3408;3428
3154;3172
3580;3598
3492;3507
3098;3111
2983;3002
3273;3288
3362;3385
4428;4449
6920;6953
10386;10431
9980;10018
9420;9447
8944;8972
7745;7775
6919;6940
6427;6462
7682;7714
7009;7041
5671;5689
5268;5289
4786;4805
4843;4862
4077;4096
3990;4008
4387;4410
4159;4176
4730;4751
4584;4602
4507;4524
4680;4700
9040;9062
6110;6132
7000;7031
9279;9305
7683;7707
7326;7357
7499;7528
8455;8509
7047;7081
6647;6668
7133;7163
7591;7616
8636;8664
6383;6403
5289;5311
5822;5851
6390;6411
6143;6161
7567;7598
8622;8651
7399;7425
6889;6914
6524;6548
6414;6444
6054;6079
6841;6857
7923;7941
9395;9434
12826;12848
9827;9854
10006;10027
7900;7932
6024;6046
5737;5768
5206;5229
5079;5102
4838;4872
4940;4957
4701;4721
5976;5994
4306;4322
3654;3669
3514;3525
3582;3603
5345;5368
8470;8504
10880;10919
10469;10515
10922;10955
10583;10620
11949;11988
11148;11174
13417;13499
13077;13140
16849;16891
20028;20080
19760;19798
23735;23775
21818;21850
19932;19959
20693;20723
19392;19422
17129;17156
16241;16265
13572;13591
12022;12042
9362;9382
7965;7978
6008;6027
5436;5450
5047;5063
5492;5507
5384;5401
4942;4957
4952;4968
6713;6732
4990;5003
5043;5061
5319;5335
5168;5191
4850;4868
3762;3786
3628;3641
3577;3599
3913;3928
3824;3842
4251;4267
3901;3914
4886;4901
4781;4796
3533;3548
3620;3635
3740;3767
3458;3479
3546;3583
4010;4027
3847;3871
4368;4385
3990;4011
3932;3954
5089;5106
5566;5600
5649;5676
6033;6055
6689;6715
7311;7339
7147;7177
8734;8765
6219;6243
6377;6405
6495;6532
10501;10526
9158;9189
9236;9265
8203;8230
9431;9465
6841;6865
6338;6366
6284;6307
5998;6022
5561;5584
5045;5069
4403;4418
4496;4523
3897;3911
4922;4944
5307;5334
6604;6626
6945;6984
8615;8652
8819;8852
8696;8731
7843;7871
7101;7124
5810;5849
6153;6182
6564;6618
10148;10179
8372;8398
7550;7576
6619;6649
5748;5766
6018;6065
6678;6706
7427;7456
8094;8119
7033;7067
9343;9369
7431;7461
5536;5555
5022;5048
4717;4736
4698;4713
4828;4847
12303;12358
20328;20376
18815;18860
30160;30196
28000;28042
26412;26445
25023;25054
23990;24032
22122;22150
19031;19046
17039;17058
14170;14187
12878;12902
9104;9119
7349;7363
5822;5862
6108;6139
5282;5301
3977;3993
4026;4050
3672;3685
3215;3237
3542;3556
3171;3191
3398;3417
3294;3314
3452;3467
3709;3725
3778;3796
8029;8055
6438;6466
6744;6763
7550;7569
6761;6783
7094;7128
5157;5178
4992;5007
4001;4020
4227;4250
4140;4162
3650;3666
4565;4597
4836;4856
4400;4415
4139;4151
4006;4021
8154;8186
5984;5999
6221;6257
6113;6137
4579;4596
3704;3721
3500;3517
3355;3367
4419;4444
5043;5065
4716;4741
4728;4747
4797;4825
4628;4662
4429;4450
4577;4610
4579;4607
4535;4552
4674;4694
6724;6757
5839;5864
5558;5583
5097;5124
5182;5214
4690;4737
4324;4344
3810;3821
3470;3482
3166;3192
3306;3336
3170;3191
3079;3097
3842;3876
4698;4719
4453;4484
4830;4866
6550;6581
6480;6517
6017;6040
5310;5332
4551;4573
4627;4647
4465;4484
4784;4808
4496;4511
4286;4305
4238;4256
4402;4430
6264;6300
9579;9613
8015;8036
8258;8281
6487;6503
4701;4724
3972;3989
5441;5466
4016;4048
3227;3242
3245;3261
3359;3385
3125;3135
3443;3459
3842;3865
10641;10669
5735;5755
6445;6457
4153;4167
3373;3386
3174;3196
3671;3684
3498;3506
3640;3665
3297;3309
3272;3285
3308;3321
3299;3312
3229;3253
3475;3496
3606;3623
3633;3660
3566;3580
3346;3367
4963;5000
4648;4663
3269;3288
3933;3947
4234;4250
4786;4807
4871;4888
4470;4494
4371;4388
7250;7286
11707;11727
11596;11615
8495;8516
6110;6121
4495;4510
3225;3238
3305;3332
3850;3870
5207;5238
5577;5600
5713;5743
5641;5681
6714;6751
7954;8004
46370;46431
38847;38932
35040;35110
33902;33951
32630;32661
31748;31784
29429;29453
28079;28095
64711;64725
75559;75575
79362;79385
47934;47949
55142;55158
75340;75352
63921;63934
68207;68227
33791;33817
30011;30022
25579;25593
29259;29273
22852;22871
20199;20216
18551;18565
15008;15021
12960;12991
10404;10422
7625;7641
5643;5658
4560;4579
4261;4280
3243;3259
3782;3796
3581;3595
3396;3411
3582;3599
3531;3548
3732;3742
4001;4020
4652;4677
5567;5597
6600;6627
6523;6545
6071;6097
6032;6050
4845;4866
4186;4199
3863;3888
3908;3924
4040;4057
4644;4668
4442;4477
3944;3955
4144;4177
4169;4188
4164;4184
4106;4126
4062;4079
3631;3647
3882;3908
4194;4213
4354;4381
4536;4557
4262;4279
6887;6907
5607;5618
5449;5475
4630;4648
4756;4778
4453;4476
4261;4295
4388;4405
4267;4282
4075;4095
5113;5151
5804;5832
6855;6881
6491;6524
6079;6112
5296;5313
5182;5198
4400;4416
4008;4027
3491;3507
3598;3613
3598;3606
3378;3395
3367;3383
3286;3312
3728;3741
3329;3345
4907;4931
4450;4461
4145;4158
3874;3888
3821;3839
3683;3698
3612;3624
3878;3895
3354;3370
5535;5552
4371;4387
3553;3576
3385;3400
3236;3250
3155;3168
2992;3010
3178;3194
3193;3205
3311;3336
3544;3562
3587;3607
3198;3212
3389;3403
3157;3174
3710;3724
3305;3319
3326;3344
4199;4218
4428;4448
4209;4227
4442;4477
4515;4533
4857;4884
4509;4523
4109;4129
5003;5021
5251;5284
5285;5311
5047;5089
4528;4547
4563;4587
4553;4578
4363;4379
4280;4300
3941;3965
3952;3974
3498;3512
3463;3475
3137;3150
3543;3560
5450;5469
6038;6054
5080;5104
3931;3945
5841;5863
6215;6238
4762;4784
5762;5783
5832;5867
5161;5184
5641;5675
5535;5574
5598;5630
5376;5399
4583;4602
4402;4422
4526;4547
4649;4672
4593;4613
4217;4236
4342;4357
4622;4635
4137;4153
3481;3505
3803;3828
3909;3925
3775;3792
3485;3502
3642;3659
4070;4086
4107;4132
4300;4315
3761;3778
3171;3185
3175;3194
3424;3440
3439;3455
3429;3449
3374;3389
3385;3397
3853;3868
3531;3546
3496;3512
3466;3483
3664;3698
4337;4362
4035;4050
3725;3734
4067;4084
4117;4138
3761;3778
3522;3538
3455;3472
3594;3610
3610;3638
3824;3850
5927;5950
4976;4992
4595;4624
4092;4102
4136;4154
3909;3924
3833;3848
4025;4042
3688;3704
4004;4021
3909;3927
3988;4004
3942;3958
3457;3479
3090;3101
4588;4603
4411;4424
3100;3121
3172;3194
4097;4121
4035;4061
3566;3585
3428;3441
3245;3258
3151;3165
3235;3248
3305;3318
3343;3362
3264;3280
3441;3455
3309;3321
3325;3339
3524;3547
3459;3476
3047;3062
3546;3557
3153;3170
3077;3093
3211;3224
3440;3467
5210;5229
4831;4845
4073;4090
3981;4005
4813;4837
5381;5407
6701;6745
8933;8965
6889;6914
5951;5963
6069;6106
5891;5916
4207;4258
3958;3971
4322;4347
4438;4459
4348;4373
4235;4256
4337;4354
4270;4300
5507;5526
6016;6040
6650;6675
6175;6215
6736;6766
8622;8650
8110;8138
10539;10576
8475;8496
6415;6434
5703;5732
7110;7140
7130;7168
6028;6051
6435;6477
8066;8098
8267;8316
7115;7137
6228;6247
5559;5581
5096;5115
5128;5153
4751;4785
5944;5977
4827;4843
4421;4436
7591;7647
16945;17000
21017;21064
20175;20261
19493;19545
24009;24044
18630;18665
24929;24985
25849;25877
28279;28305
24085;24114
29204;29276
26571;26602
26486;26530
27142;27171
24864;24885
19237;19258
23329;23344
18000;18017
16609;16625
13934;13956
11406;11423
7704;7719
6220;6241
4565;4588
3588;3605
3001;3015
3076;3097
3141;3175
3325;3343
3243;3273
3522;3552
4040;4056
6054;6090
4598;4615
3971;3996
4822;4852
5543;5579
4718;4738
4585;4612
4903;4931
4376;4393
4304;4323
4532;4559
4994;5011
5011;5040
5046;5074
5251;5275
7227;7254
8900;8931
8985;9052
9038;9079
9233;9267
8500;8527
7438;7468
6380;6422
6039;6060
5624;5656
5785;5807
5286;5305
5416;5434
5607;5630
5973;6007
5737;5770
5226;5252
5592;5616
5220;5239
4651;4672
5262;5293
7667;7699
6334;6361
5297;5322
6892;6914
7492;7517
5732;5756
6097;6124
5824;5862
6557;6590
7306;7346
7159;7195
6767;6798
5844;5877
4873;4901
5694;5729
8921;8958
10063;10110
